Nome da Música;Artistas;ID da Música
Memories;";";"dvsn; Ty Dolla $ign";";";1ENMwElCCao8ejBvXCjWN1
Don't Say A Word;";";"dvsn; Ty Dolla $ign";";";3LHWXFE4mKwcjjjf1GbY99
Can You Take It (Interlude);";";"dvsn; Ty Dolla $ign";";";411qflX72pcTKQSJOHopQS
Outside;";";"dvsn; Ty Dolla $ign";";";4Pws0SwDkUkQMgwhg1uEDe
Can't Tell (feat. YG);";";"dvsn; Ty Dolla $ign; YG";";";7JRUWpEZjMxFU49frEzqOl
Somebody That You Don't Know (feat. Rauw Alejandro);";";"dvsn; Ty Dolla $ign; Rauw Alejandro";";";0lljBJMLGcTLm5Zn4KxQBH
Fight Club;";";"dvsn; Ty Dolla $ign";";";11VkGCtNEIFEFBTptFJzEA
Rude (Ty Dolla $ign Interlude);";";"dvsn; Ty Dolla $ign";";";4z4WuGUCY0nMyeFL9Kwa5p
Better Yet (dvsn Interlude);";";"dvsn; Ty Dolla $ign";";";6u9NdgNNpp87JbxWOnCm5G
Wedding Cake;";";"dvsn; Ty Dolla $ign";";";3WYO30U2xhZaIpGiLiAfVf
I Believed It (feat. Mac Miller);";";"dvsn; Ty Dolla $ign; Mac Miller";";";2S443LbscYVkdv9LDUJlBn
Temptations (feat. Kid Cudi);";";"Ty Dolla $ign; Kid Cudi";";";0SKbj3NTkGFS76OkFmAw0u
Spicy (feat. Post Malone);";";"Ty Dolla $ign; Post Malone";";";5IUtvfNvOyVYZUa6AJFrnP
Track 6 (feat. Kanye West, Anderson .Paak & Thundercat);";";"Ty Dolla $ign; Anderson .Paak; Kanye West; Thundercat";";";4XPzNUDXrSRjpFbd8CcQVu
Freak (feat. Quavo);";";"Ty Dolla $ign; Quavo";";";4bMQRUKsiELewtb3tzdFQn
Double R (feat. Lil Durk);";";"Ty Dolla $ign; Lil Durk";";";13SM5WuEXuj5isI5j4lEE5
Expensive (feat. Nicki Minaj);";";"Ty Dolla $ign; Nicki Minaj";";";2Kv3JWOzRJsaen5vjmTVJL
Tyrone 2021 (feat. Big Sean);";";"Ty Dolla $ign; Big Sean";";";0dDI9Y0qEQspYedfdi1vau
Real Life (feat. Roddy Ricch & Mustard);";";"Ty Dolla $ign; Mustard; Roddy Ricch";";";5s14v7sHVghrPTS2CLgzI1
By Yourself (feat. Jhené Aiko & Mustard);";";"Ty Dolla $ign; Jhené Aiko; Mustard";";";1psvnQxSDdIKTDM2Jm8QKt
Universe (feat. Kehlani);";";"Ty Dolla $ign; Kehlani";";";5waFNguEkggHt2R05RxNBp
Lift Me Up (feat. Future & Young Thug);";";"Ty Dolla $ign; Future; Young Thug";";";0PPcv1x7uCQAe3oF2j66io
Powder Blue (feat. Gunna);";";"Ty Dolla $ign; Gunna";";";6rSMzTFlWhwMRATElojc2z
Your Turn (feat. Musiq Soulchild, Tish Hyman & 6LACK);";";"Ty Dolla $ign; 6LACK; Musiq Soulchild; Tish Hyman";";";29zlMCUoFqwWMMTFwY7rTI
Ego Death (feat. Kanye West, FKA twigs & Skrillex);";";"Ty Dolla $ign; FKA twigs; Skrillex; Kanye West";";";1mtLPUyH34kolgEy1VOBc0
The Light;";";"Jeremih; Ty Dolla $ign";";";0YIfZYYfVytcD1q0Mx57Ey
Goin Thru Some Thangz;";";"Jeremih; Ty Dolla $ign";";";38tUgBtXwJxMlod5Aq8O5D
FYT (feat. French Montana);";";"Jeremih; Ty Dolla $ign; French Montana";";";0ZwHNhwxDhUYHYkSkHxMf0
Perfect Timing;";";"Jeremih; Ty Dolla $ign";";";3CSv4rNuCPcqSA3UhB1it1
New Level;";";"Jeremih; Ty Dolla $ign";";";6HFH4fh0qJsJRnOc0xIWwM
Take Your Time;";";"Jeremih; Ty Dolla $ign";";";31UPzWYdHxYPxYFEqB9vmK
These Days;";";"Jeremih; Ty Dolla $ign";";";79gqfa8TgRc6F3z5QrEiN8
Surrounded (feat. Chris Brown & Wiz Khalifa);";";"Jeremih; Ty Dolla $ign; Chris Brown; Wiz Khalifa";";";1xhXtjqbFiNgLfqHMGo9lW
Lie 2 Me;";";"Jeremih; Ty Dolla $ign";";";4bK5YVykN1IkXMDzVyeRKR
Ride It;";";"Jeremih; Ty Dolla $ign";";";5rWia6d9DtaErAjnDLgZn8
Imitate;";";"Jeremih; Ty Dolla $ign";";";3bTSIHFVorXxkPKykuABt6
Love U Better (feat. Lil Wayne & The-Dream);";";"Ty Dolla $ign; Lil Wayne; The-Dream";";";13kIiNgXiBHbbG9gWitSqO
Ex (feat. YG);";";"Ty Dolla $ign; YG";";";5PpN5gFDoEO8bCw8P8yKhK
Droptop in the Rain (feat. Tory Lanez);";";"Ty Dolla $ign; Tory Lanez";";";2sU3HteGBtrkfxXgzNHpO8
Don't Judge Me (feat. Future & Swae Lee);";";"Ty Dolla $ign; Future; Swae Lee";";";1PecUaxWSzBeZoNM5zY75u
Dawsin's Breek (feat. Jeremih);";";"Ty Dolla $ign; Jeremih";";";3DHFVz6SHsTlLIpRPxhHxn
Don't Sleep on Me (feat. Future & 24hrs);";";"Ty Dolla $ign; Future; 24hrs";";";1mRiKd83wPVAEhgVltvPZV
Stare (feat. Pharrell Williams & Wiz Khalifa);";";"Ty Dolla $ign; Pharrell Williams; Wiz Khalifa";";";1mImxiunzhA7aNTlQNAXqd
So Am I (feat. Damian Marley & Skrillex);";";"Ty Dolla $ign; Damian Marley; Skrillex";";";1VJXeVuiJQc12bcZYDd8gT
Lil Favorite (feat. MadeinTYO);";";"Ty Dolla $ign; MadeinTYO";";";2Zt2ebUTOtwAw4Su11kWqK
In Your Phone (with Lauren Jauregui);";";"Ty Dolla $ign; Lauren Jauregui";";";1m3tpad0StyCxZRHYsqZ33
Pineapple (feat. Gucci Mane & Quavo);";";"Ty Dolla $ign; Gucci Mane; Quavo";";";2R7Gn3cjnPaVO0Oj8nsTDP
Clout (feat. 21 Savage);";";"Ty Dolla $ign; 21 Savage";";";1u0CD4fcBUB1xrG9fNgejh
Drugs (feat. Wiz Khalifa);";";"Ty Dolla $ign; Wiz Khalifa";";";1a66Fi0cTnE8c8lDjeNMDy
South Beach (feat. Quavo & French Montana);";";"Ty Dolla $ign; French Montana; Quavo";";";6mvXHfwY5pmeV5ipcGGpcQ
Simple (feat. Yo Gotti);";";"Ty Dolla $ign; Yo Gotti";";";10NjuuFWru1Y02Dk5FE4z4
Love U Better (feat. Lil Wayne & The-Dream);";";"Ty Dolla $ign; Nathaniel Alford; Twice As Nice; Lil Wayne; The-Dream";";";270aLuFCbX32hhBr8MQyPM
Ex (feat. YG);";";"Ty Dolla $ign; YG";";";1Mb187X5w3OUQNH6P5M28Y
Droptop in the Rain (feat. Tory Lanez);";";"Ty Dolla $ign; Tory Lanez";";";2ZN1EnypRwsD38EoFRwmu9
Don't Judge Me (feat. Future & Swae Lee);";";"Ty Dolla $ign; Future; Swae Lee";";";2EPbvVyo2qrrmeiEm57Cfl
Dawsin's Breek (feat. Jeremih);";";"Ty Dolla $ign; Jeremih";";";3z9xNouuYUaVLizmZdVkpR
Don't Sleep on Me (feat. Future & 24hrs);";";"Ty Dolla $ign; Future; 24hrs";";";2c5D6B8oXAwc6easamdgVA
Stare (feat. Pharrell Williams & Wiz Khalifa);";";"Ty Dolla $ign; Pharrell Williams; Wiz Khalifa";";";41HF1rru9LtZCXTOBGFlk4
So Am I (feat. Damian Marley & Skrillex);";";"Ty Dolla $ign; Damian Marley; Skrillex";";";7cQnIhLin7koR2sO2bt2KS
Lil Favorite (feat. MadeinTYO);";";"Ty Dolla $ign; MadeinTYO";";";5fyvUqw0Vu6qTM4DSkDUs2
In Your Phone (with Lauren Jauregui);";";"Ty Dolla $ign; Lauren Jauregui";";";5DrACadFfJMMQCCS02Px0a
Campaign (feat. Future);";";"Ty Dolla $ign; Future";";";6JvHYmanlC8FdbeiCztcrR
??? (Where) [feat. Migos];";";"Ty Dolla $ign; Migos";";";11byn9E2NCI65biHtKOLG2
3 Wayz (feat. Travis Scott);";";"Ty Dolla $ign; Travis Scott";";";3BN86m6Dl6hYgOj2qo1gAg
My Song (feat. 24hrs);";";"Ty Dolla $ign; 24hrs";";";3HgncvsGbBNZqzdRzF0qVy
Pu$$y (feat. Trey Songz & Wiz Khalifa);";";"Ty Dolla $ign; Trey Songz; Wiz Khalifa";";";0Tqu15cSZxKONO0QIJk1e6
No Justice (feat. Big TC);";";"Ty Dolla $ign; Big TC";";";3V2FS2divZQ4fh54jxa5BP
Watching (feat. Meek Mill);";";"Ty Dolla $ign; Meek Mill";";";4p5KOJck1PZQKk3hcp0s9n
Campaign (feat. Future) - Charlie Heat Remix;";";"Ty Dolla $ign; Future; Charlie Heat";";";1yIpVqk62XxBBz34AWWZQK
LA (feat. Kendrick Lamar, Brandy & James Fauntleroy);";";"Ty Dolla $ign; Brandy; James Fauntleroy; Kendrick Lamar";";";3kZdviLaxXKaBItDoY36AU
Saved (feat. E-40);";";"Ty Dolla $ign; E-40";";";6K5M33kV2H3gOTZhrDQ77w
Straight Up (feat. Jagged Edge);";";"Ty Dolla $ign; Jagged Edge";";";7rwzQhSu8wCdwqj1pp4Aa5
Solid (feat. Babyface);";";"Ty Dolla $ign; Babyface";";";7pOTLzJOimi9fjT3380O8u
Know Ya (feat. Trey Songz);";";"Ty Dolla $ign; Trey Songz";";";3FWugJGY9hrX2QfTf9TvB8
Credit (feat. Sevyn Streeter);";";"Ty Dolla $ign; Sevyn Streeter";";";5o0Ck2WaMbNimC1ow0TN4F
Miracle / Wherever (feat. Big TC & D-Loc);";";"Ty Dolla $ign; Big TC; D-Loc";";";3ti7JgvDPcWnwzCeoZtztV
Guard Down (feat. Kanye West & Diddy);";";"Ty Dolla $ign; Diddy; Kanye West";";";5X9NwJ1n4nktZfUIyGMcHf
Sitting Pretty (feat. Wiz Khalifa);";";"Ty Dolla $ign; Wiz Khalifa";";";5D6ZqSw9ewMMhHhPjViQJm
When I See Ya (feat. Fetty Wap);";";"Ty Dolla $ign; Fetty Wap";";";3k0nfH2WgoA3158G7HJ8If
Blasé (feat. Future & Rae Sremmurd);";";"Ty Dolla $ign; Future; Rae Sremmurd";";";4rNSn4YUlLNdt4htUKtl55
Only Right (feat. YG, Joe Moses & TeeCee4800);";";"Ty Dolla $ign; YG; Joe Moses; TeeCee4800";";";664RPVfPg2toZiRLaWM4MX
Finale (feat. SA-RA & PJ);";";"Ty Dolla $ign; PJ; Sa-Ra";";";6xV4aFulPu8nQKJh22DQzN
Wavy (feat. Joe Moses);";";"Ty Dolla $ign; Joe Moses";";";6oECOh5nAYmxz4EiYhjsPi
Long Time (feat. Quavo);";";"Ty Dolla $ign; Quavo";";";3US2qDmY0lqxoEe7dPrGOR
LA (feat. Kendrick Lamar, Brandy & James Fauntleroy);";";"Ty Dolla $ign; Brandy; James Fauntleroy; Kendrick Lamar";";";4FRKDyexVDdFBnRlYWw8bj
Saved (feat. E-40);";";"Ty Dolla $ign; E-40";";";2ESNJZExcQw1BAmmA8Ct3j
Straight Up (feat. Jagged Edge);";";"Ty Dolla $ign; Jagged Edge";";";6E8hJCb1f6a5DX6PPHuhc5
Solid (feat. Babyface);";";"Ty Dolla $ign; Babyface";";";4Y4hyK60i3xU3pprXx8gZo
Know Ya (feat. Trey Songz);";";"Ty Dolla $ign; Trey Songz";";";2yZc4sACQDjc9obitQAjrg
Credit (feat. Sevyn Streeter);";";"Ty Dolla $ign; Sevyn Streeter";";";6GDMLZoykMpZ4JqQoyoZpQ
Miracle / Wherever (feat. Big TC & D-Loc);";";"Ty Dolla $ign; Big TC; D-Loc";";";6jhXQOpqcZ1gCm3xDVz4If
Guard Down (feat. Kanye West & Diddy);";";"Ty Dolla $ign; Diddy; Kanye West";";";6IZj5g48mZnFQ1d1HECaIv
Sitting Pretty (feat. Wiz Khalifa);";";"Ty Dolla $ign; Wiz Khalifa";";";1Bhlqe4AzFiwAQ2p07Agf3
When I See Ya (feat. Fetty Wap);";";"Ty Dolla $ign; Fetty Wap";";";2dUS20hzHApoQeQbzZ57Ms
Blasé (feat. Future & Rae Sremmurd);";";"Ty Dolla $ign; Future; Rae Sremmurd";";";1UYLxZIL4IicS6TaPUZFTH
Only Right (feat. YG, Joe Moses & TeeCee4800);";";"Ty Dolla $ign; YG; Joe Moses; TeeCee4800";";";6sr535Uv3LvIUqVtsEWQh1
Finale (feat. SA-RA & PJ);";";"Ty Dolla $ign; PJ; Sa-Ra";";";3X2K5co2zynJbIy7EjyJG6
Ave Maria;";";"Zacari; Ty Dolla $ign";";";5UzLPjUzrIStZCocniiH1y
Mind Your Business (Bosses in Love) [feat. Kehlani and Ty Dolla $ign];";";"Diddy; Ty Dolla $ign; Kehlani";";";5zos9NBwExnPAjddNpmkdu
Motion (feat. Chris Brown);";";"Ty Dolla $ign; Chris Brown";";";3TV0uB4XI6vBoN7MjOhiAC
Motion - Snakehips Remix;";";"Ty Dolla $ign; Snakehips";";";3DwWk77tk5D0K6xdi2o3a5
Motion - Sped Up Version;";";"Ty Dolla $ign; sped up nightcore";";";3TIHQv8cTEy3tqnQAXQFcS
Caught A Body (with Ty Dolla $ign);";";"Alesso; Ty Dolla $ign";";";4JvJj733DNy6nuVcC1NzCq
My Friends (feat. Lil Durk);";";"Ty Dolla $ign; Mustard; Lil Durk";";";0wTTf3msjDJ8NcZGTmQJQV
My Friends (NBA on ESPN Remix);";";"Ty Dolla $ign; Mustard";";";2ozgsfkVawagBdUPqeSy3S
Willing To Trust (with Ty Dolla $ign);";";"Kid Cudi; Ty Dolla $ign";";";6TQs1M73R9aPqjqWvbNu22
Love Jones (feat. Ty Dolla $ign);";";"Leon Thomas; Ty Dolla $ign";";";1X2Ec2pLTtapRlpECgnGdN
G.O.A.T. (feat. Ty Dolla $ign & Bella Alubo);";";"The Notorious B.I.G.; Ty Dolla $ign; Bella Alubo";";";4rZcZXvtzdBbZOwlHSu79i
G.O.A.T. (feat. Ty Dolla $ign & Bella Alubo);";";"The Notorious B.I.G.; Ty Dolla $ign; Bella Alubo";";";7DzleFTgF3uqOPCEi9rfQ3
Champions (feat. Wiz Khalifa);";";"Ty Dolla $ign; Wiz Khalifa";";";6MBBMgzOJjVsBuhZglGJXw
Diamond Mind (with Nipsey Hussle & Ty Dolla $ign);";";"Dr. Dre; Nipsey Hussle; Ty Dolla $ign";";";6v9trAkgvJuexOnxQXum0h
Life Goes On (feat. Ty Dolla $ign);";";"Oliver Tree; Ty Dolla $ign";";";3F79z6lkUgQXga97JSdj1O
Family (feat. Bebe Rexha, Ty Dolla $ign & A Boogie Wit da Hoodie);";";"David Guetta; Bebe Rexha; Ty Dolla $ign; A Boogie Wit da Hoodie";";";0HLhptvI8NozbOHRLNniFz
Family (feat. Lune, Ty Dolla $ign & A Boogie Wit da Hoodie);";";"David Guetta; Lune; Ty Dolla $ign; A Boogie Wit da Hoodie";";";2YofBo1FVbl6LqJVbBX1v5
Family (feat. Julie Bergan, Ty Dolla $ign & A Boogie Wit da Hoodie);";";"David Guetta; Julie Bergan; Ty Dolla $ign; A Boogie Wit da Hoodie";";";6HAed97ZUUrGsIqrxVRjpg
Family (feat. JAMIE, Ty Dolla $ign & A Boogie Wit da Hoodie);";";"David Guetta; JAMIE; Ty Dolla $ign; A Boogie Wit da Hoodie";";";3c1QGMu5S3KdlMDwfRXhfj
Family (feat. Imen Siar, Ty Dolla $ign & A Boogie Wit da Hoodie);";";"David Guetta; Imen Siar; Ty Dolla $ign; A Boogie Wit da Hoodie";";";5lRh2i8mOWZs1yg25QII1y
Family (feat. IZA, Ty Dolla $ign & A Boogie Wit da Hoodie);";";"David Guetta; IZA; Ty Dolla $ign; A Boogie Wit da Hoodie";";";4POyIypAT6qv6T4sSKd8aR
Family (feat. Annalisa, Ty Dolla $ign & A Boogie Wit da Hoodie);";";"David Guetta; Annalisa; Ty Dolla $ign; A Boogie Wit da Hoodie";";";28aERoVSvo3vDEKwWW9Yon
Late to the Party;";";"Joyner Lucas; Ty Dolla $ign";";";4nOr5Mas8g2cF5CfTHZfpY
Memories;";";"dvsn; Ty Dolla $ign";";";1r7IvnYe6zIiEpnqB2ODaD
I Believed It (feat. Mac Miller);";";"dvsn; Ty Dolla $ign; Mac Miller";";";47dc7fsSfI70ML6wRedq6W
I Won;";";"Ty Dolla $ign; Jack Harlow; 24kGoldn";";";3cyiLfw6V0Vz5WxUOMEex6
Do You Believe;";";"Ali Gatie; Marshmello; Ty Dolla $ign";";";4lj28SeDWzreBKHmdVmGYg
By Yourself (feat. Bryson Tiller, Jhené Aiko & Mustard) - Remix;";";"Ty Dolla $ign; Bryson Tiller; Jhené Aiko; Mustard";";";7ynCvGoSYmyMyEh3F9p0mX
By Yourself (feat. Jhené Aiko & Mustard);";";"Ty Dolla $ign; Jhené Aiko; Mustard";";";3gNahxsvbeTHpg3wixXQqM
By Yourself (feat. Jhené Aiko & Mustard);";";"Ty Dolla $ign; Jhené Aiko; Mustard";";";0vyPhRSQZuNc9VZpb1FZeU
Spicy (feat. J Balvin, YG, Tyga & Post Malone) - Remix;";";"Ty Dolla $ign; J Balvin; Post Malone; Tyga; YG";";";4Ae2ORKCPbA8L67WWFmVEV
The Business, Pt. II;";";"Tiësto; Ty Dolla $ign";";";0SZPXD0uEl72YjUVY2K3E9
Chosen (feat. Ty Dolla $ign);";";"Blxst; Tyga; Ty Dolla $ign";";";5SOJW3a8uYkvv0FG1azoZV
Alone for Christmas (feat. Kiana Ledé) - from Still Home For The Holidays (An R&B Christmas Album);";";"Ty Dolla $ign; Kiana Ledé";";";4cRjdSlBIoleQFisXCn4yV
All I Need (with Mahalia & Ty Dolla $ign);";";"Jacob Collier; Mahalia; Ty Dolla $ign";";";68j5DYmCikBzcp60Sv6xWO
Dangerous City (feat. Buju Banton);";";"dvsn; Ty Dolla $ign; Buju Banton";";";2ev805WCUxqbMm88zqRKiy
Superstar;";";"24hrs; Ty Dolla $ign; DJ Drama";";";5TQadIfJ4l5WvTC7KWapD2
Speed Me Up (with Ty Dolla $ign, Lil Yachty & Sueco the Child);";";"Wiz Khalifa; Ty Dolla $ign; Lil Yachty; Sueco";";";15eWNa3kpCPKILbSvvzSWl
Midnight Hour with Boys Noize & Ty Dolla $ign - Four Tet Remix;";";"Skrillex; Boys Noize; Ty Dolla $ign; Four Tet";";";3fLNH6kRjYlzoRIaKZ8wDr
Treehouse (feat. Shotty Horroh);";";"James Arthur; Ty Dolla $ign; SHOTTY HORROH";";";6S1IgeHxxOT9qVWnmsdGxe
Midnight Hour with Boys Noize & Ty Dolla $ign;";";"Skrillex; Boys Noize; Ty Dolla $ign";";";5AFrctm65wWIqJsjHPPx85
OTW;";";"Khalid; 6LACK; Ty Dolla $ign";";";6Hgh47WXVKtXN5zGOu0hjI
The Love;";";"Smoke DZA; Ty Dolla $ign";";";1OzKq7re8slRhcLfbIpdkU
The Love;";";"Smoke DZA; Ty Dolla $ign";";";6RCC8kQUFkpJBkNRVrbW6p
Sin City - Remix;";";"Chrishan; Ty Dolla $ign";";";5OpAuqgOXofUBNhxLZyHkP
What You Think;";";"Zaytoven; Ty Dolla $ign; Jeremih; OJ Da Juiceman";";";4GZgaqaBEEkapTLMaUOwS8
Darkside (with Ty Dolla $ign & Future feat. Kiiara);";";"Ty Dolla $ign; Future; Kiiara";";";14EgW52HVqnLHd30bgbPxg
Dawsin's Breek (feat. A$AP Rocky) [Remix];";";"Ty Dolla $ign; A$AP Rocky";";";4dF64aLXD44dyt1DJfc29x
Off of It (feat. Ty Dolla $ign);";";"KYLE; Ty Dolla $ign";";";1KeL2vZOSIWgx2vsIjqXnN
On My Bumper (feat. Ty Dolla $ign);";";"Joe Moses; Ty Dolla $ign";";";0lVhpfzB6Ci60pB08M8IMN
Something New (feat. Ty Dolla $ign);";";"Wiz Khalifa; Ty Dolla $ign";";";33z5crv3IO5U2BOi8xod92
Can't Believe (feat. Ty Dolla $ign & WizKid);";";"Kranium; Ty Dolla $ign; Wizkid";";";10C1ZwdAwSEmMeYAFvuTtv
Swalla (feat. Nicki Minaj & Ty Dolla $ign);";";"Jason Derulo; Nicki Minaj; Ty Dolla $ign";";";6kex4EBAj0WHXDKZMEJaaF
Back Up (feat. 24hrs);";";"Ty Dolla $ign; 24hrs";";";17Q63kZjsviGrsgbJNWQ25
3 Wayz (feat. Travis Scott);";";"Ty Dolla $ign; Travis Scott";";";7pIUR1RwTHyCKruORuaFth
No Justice (feat. Big TC);";";"Ty Dolla $ign; Big TC";";";6T31igJOl970c2C9aHVNZn
Campaign (feat. Future);";";"Ty Dolla $ign; Future";";";1aJARygfATnC8ByjyJBLjJ
Or Nah (feat. Wiz Khalifa) - Live at the Village, Los Angeles, CA;";";"Ty Dolla $ign; Wiz Khalifa";";";6hYdhO1BF8V03tuF8pADKP
Wavy (feat. Joe Moses);";";"Ty Dolla $ign; Joe Moses";";";1lAgtcp1KQRQS10m2yCgvm
Blasé (feat. Future & Rae Sremmurd) - Louis the Child Remix;";";"Ty Dolla $ign; Future; Rae Sremmurd; Louis The Child";";";2NAZcL9tLUkdMMb5v3xFVG
Blasé (feat. Future & Rae Sremmurd) - Whethan Remix;";";"Ty Dolla $ign; Future; Rae Sremmurd; Whethan";";";62e5NIqgHCGTJH998FZTOh
LA (feat. Kendrick Lamar, Brandy & James Fauntleroy);";";"Ty Dolla $ign; Brandy; James Fauntleroy; Kendrick Lamar";";";3vTAzTp0dfJWzbWvtVlomp
Sitting Pretty (feat. Wiz Khalifa);";";"Ty Dolla $ign; Wiz Khalifa";";";0wS5Qy3x3yuUE7qT0PmUp8
Solid (feat. Babyface);";";"Ty Dolla $ign; Babyface";";";5BtwZ441YUmUFzNDItE5nI
Saved (feat. E-40);";";"Ty Dolla $ign; E-40";";";1omIb7BrAk7qwRrCSHJTc5
When I See Ya (feat. Fetty Wap);";";"Ty Dolla $ign; Fetty Wap";";";6M0Q73mmvMIZYVpvAX7ggj
Blasé (feat. Future & Rae Sremmurd);";";"Ty Dolla $ign; Future; Rae Sremmurd";";";3nW6HqoWdzpdz2oAzkHEoV
Only Right (feat. YG, Joe Moses & TeeCee4800);";";"Ty Dolla $ign; YG; Joe Moses; TeeCee4800";";";6x87Q244CJfgTYRgZZ9ToS
Drop That Kitty (feat. Charli XCX & Tinashe);";";"Ty Dolla $ign; Charli XCX; Tinashe";";";0Bi1amRigSOIzLc21hOH6p
Or Nah (feat. The Weeknd, Wiz Khalifa & DJ Mustard) - Remix;";";"Ty Dolla $ign; The Weeknd; Wiz Khalifa; Mustard";";";7t2bFihaDvhIrd2gn2CWJO
Work (feat. Casey Veggies, Twista & Nate Poetics);";";"Ty Dolla $ign; Casey Veggies; Twista; Nate Poetics";";";7o9auSKq2JNs8D7u97czK1
Paranoid (feat. B.o.B);";";"Ty Dolla $ign; B.o.B";";";0Yp3wCUpjrG7NWWPDpmQXm
Paranoid (feat. Trey Songz, French Montana & DJ Mustard) - Remix;";";"Ty Dolla $ign; Trey Songz; French Montana; Mustard";";";0KkedDWTjsqE6F0NydY7Vq
Or Nah (feat. Wiz Khalifa & DJ Mustard);";";"Ty Dolla $ign; Mustard; Wiz Khalifa";";";6cRqxXoY6esNiFaOnl4EiC
Familiar (feat. Travi$ Scott & Fredo Santana);";";"Ty Dolla $ign; Travis Scott; Fredo Santana";";";4c4rgyDJXDhv2xTDwhCs3D
Wood & Leather (feat. Big TC & Pops);";";"Ty Dolla $ign; Big TC; Pops";";";3tQUYZLLCTxL5iiJ0gfCCT
Never Be the Same (feat. Jay Rock);";";"Ty Dolla $ign; Jay Rock";";";7usLkn9m0kjKqz5BD80IPq
Paranoid (feat. Trey Songz, French Montana & DJ Mustard) - Remix;";";"Ty Dolla $ign; Trey Songz; French Montana; Mustard";";";36aVnefDY33LZCAlknx8Hq
Or Nah (feat. Wiz Khalifa & DJ Mustard);";";"Ty Dolla $ign; Mustard; Wiz Khalifa";";";2LX9coJz8pfFHb8AaoVhXS
Paranoid (feat. B.o.B);";";"Ty Dolla $ign; B.o.B";";";1rEHQCkmLYY0CDrIborSoF
Irie (feat. Wiz Khalifa);";";"Ty Dolla $ign; Wiz Khalifa";";";2IC0cKlmDwsgmi1zlVDbQk
